INCAR created by Atomic Simulation Environment
 ENCUT = 700.000000
 NELECT = 1946.000000
 SIGMA = 0.020000
 EDIFF = 1.00e-07
 EDIFFG = -5.00e-03
 ALGO = Fast
 GGA = PS
 IBRION = 1
 ISIF = 2
 ISMEAR = 0
 ISYM = 0
 LDAUPRINT = 2
 LDAUTYPE = 2
 LMAXMIX = 4
 LORBIT = 11
 NPAR =6
 NSW = 0
 ADDGRID = .TRUE.
 LASPH = .TRUE.
 LCHARG = .TRUE.
 LDAU = .TRUE.
 LWAVE = .True.
 LHYPERFINE = .True.
 LDAUL = 2 -1 -1
 LDAUU = 2.000 0.000 0.000
 LDAUJ = 0.000 0.000 0.000
 ISPIN = 2
 MAGMOM = 1*4.6720 1*-4.6470 1*4.6640 1*-4.6470 1*4.6640 1*-4.6660 1*4.6640 1*-4.6660 1*4.6650 1*-4.6650 1*4.6650 1*-4.6650 1*4.6640 1*-4.6640 1*4.6650 1*-4.6640 1*4.6640 1*-4.6650 1*4.6640 1*-4.6650 1*4.6650 1*-4.6650 1*4.6640 1*-4.6650 1*4.6650 1*-4.6640 1*4.6650 1*-4.6640 1*4.6640 1*-4.6650 1*4.6650 1*-4.6650 1*4.6660 1*-4.6660 1*4.6650 1*-4.6660 1*4.6650 1*-4.6650 1*4.6650 1*-4.6650 1*4.6640 1*-4.6650 1*4.6650 1*-4.6650 1*4.6640 1*-4.6650 1*4.6650 1*-4.6650 1*4.6620 1*-4.6670 1*4.6650 1*-4.6670 1*4.6650 1*-4.6630 1*4.6650 1*-4.6630 1*4.6650 1*-4.6650 1*4.6640 1*-4.6650 1*4.6640 1*-4.6650 1*4.6640 1*-4.6650 1*4.6420 1*-4.6660 1*4.6580 1*-4.6660 1*4.6630 1*-4.6640 1*4.6580 1*-4.6640 1*-0.0200 1*-0.0190 1*0.0240 1*0.0140 2*-0.0180 1*0.0240 1*0.0140 2*-0.0170 1*0.0180 1*0.0150 2*-0.0180 1*0.0180 1*0.0150 1*-0.0160 1*-0.0170 1*0.0180 1*0.0170 1*-0.0160 1*-0.0170 1*0.0180 1*0.0170 1*-0.0160 1*-0.0170 2*0.0170 1*-0.0160 1*-0.0170 2*0.0170 1*-0.0080 1*-0.0200 1*0.0160 1*0.0170 1*-0.0130 1*-0.0180 1*0.0160 1*0.0170 1*-0.0120 1*-0.0180 1*0.0160 1*0.0170 1*-0.0130 1*-0.0180 1*0.0160 1*0.0170 1*-0.0180 1*-0.0150 1*0.0180 1*0.0170 1*-0.0170 1*-0.0150 1*0.0180 1*0.0170 2*-0.0160 2*0.0170 1*-0.0170 1*-0.0150 2*0.0170 2*-0.0170 2*0.0190 1*-0.0160 1*-0.0170 2*0.0190 1*-0.0170 1*-0.0160 2*0.0160 1*-0.0160 1*-0.0170 2*0.0160 2*-0.0170 1*0.0170 1*0.0180 1*-0.0170 1*-0.0160 1*0.0170 1*0.0180 2*-0.0170 1*0.0160 1*0.0180 1*-0.0170 1*-0.0160 1*0.0160 1*0.0180 1*-0.0190 1*-0.0180 1*0.0170 1*0.0160 1*-0.0200 1*-0.0100 1*0.0170 1*0.0160 1*-0.0180 1*-0.0140 2*0.0160 1*-0.0200 1*-0.0100 2*0.0160 2*-0.0170 1*0.0170 1*0.0180 2*-0.0160 1*0.0170 1*0.0180 1*-0.0170 1*-0.0160 2*0.0170 2*-0.0160 2*0.0170 1*-0.0210 1*-0.0200 1*0.0100 1*0.0210 1*-0.0190 1*-0.0180 1*0.0100 1*0.0210 2*-0.0180 1*0.0150 1*0.0190 1*-0.0190 1*-0.0180 1*0.0150 1*0.0190 1*0.0020 
  
KPAR = 4
  
