INCAR created by Atomic Simulation Environment
 ENCUT = 700.000000
 NELECT = 1944.000000
 SIGMA = 0.010000
 EDIFF = 1.00e-07
 EDIFFG = -5.00e-03
 GGA = PS
 IBRION = 2
 ISIF = 2
 ISMEAR = 0
 ISYM = 0
 LDAUPRINT = 2
 LDAUTYPE = 2
 LMAXMIX = 4
 LORBIT = 11
 NPAR = 4
 KPAR = 4
 NSW = 0
 ADDGRID = .TRUE.
 LASPH = .TRUE.
 LCHARG = .TRUE.
 LDAU = .TRUE.
 LWAVE = .TRUE.
 LHYPERFINE = .TRUE.
 LDAUL = 2 -1 -1
 LDAUU = 4.000 0.000 0.000
 LDAUJ = 0.000 0.000 0.000
 ISPIN = 2
 MAGMOM = 1*5.0000 1*-5.0000 1*5.0000 1*-5.0000 1*5.0000 1*-5.0000 1*5.0000 1*-5.0000 1*5.0000 1*-5.0000 1*5.0000 1*-5.0000 1*5.0000 1*-5.0000 1*5.0000 1*-5.0000 1*5.0000 1*-5.0000 1*5.0000 1*-5.0000 1*5.0000 1*-5.0000 1*5.0000 1*-5.0000 1*5.0000 1*-5.0000 1*5.0000 1*-5.0000 1*5.0000 1*-5.0000 1*5.0000 1*-5.0000 1*5.0000 1*-5.0000 1*5.0000 1*-5.0000 1*5.0000 1*-5.0000 1*5.0000 1*-5.0000 1*5.0000 1*-5.0000 1*5.0000 1*-5.0000 1*5.0000 1*-5.0000 1*5.0000 1*-5.0000 1*5.0000 1*-5.0000 1*5.0000 1*-5.0000 1*5.0000 1*-5.0000 1*5.0000 1*-5.0000 1*5.0000 1*-5.0000 1*5.0000 1*-5.0000 1*5.0000 1*-5.0000 1*5.0000 1*-5.0000 1*5.0000 1*-5.0000 1*5.0000 1*-5.0000 1*5.0000 1*-5.0000 1*5.0000 1*-5.0000 145*0.0000 

ICHARG = 1

